CPro
29.796324
29.616693
29.437065
29.257437
29.077806
28.898178
28.718550
28.538919
28.359291
28.179663
28.000032
27.820404
27.640776
27.461147
27.281517
27.101889
26.922260
26.742630
26.563002
26.383373
26.203743
26.024115
25.844486
25.664856
25.485228
25.305599
25.125969
24.946341
24.766712
24.587084
24.407454
24.227825
24.048197
23.868567
23.688938
23.509310
23.329679
23.150051
22.970423
22.790792
22.611164
22.431536
22.251907
22.072277
21.892649
21.713020
21.533390
21.353762
21.174133
20.994503
20.814875
20.635246
20.455616
20.275988
20.156235
20.096359
20.036482
19.976606
19.916729
19.856853
19.796978
19.737101
19.677225
19.617348
19.557472
19.497595
19.437719
19.377844
19.317966
19.258091
19.198214
19.138338
19.078461
19.018585
18.958708
18.898832
18.838957
18.779079
18.719204
18.659327
18.599451
18.539574
18.479698
18.419823
18.359945
18.300070
18.240192
18.180317
18.120440
18.060564
18.000687
17.940811
17.880936
17.821058
17.761183
17.701305
17.641430
17.581553
17.521677
17.461802
17.401924
17.342049
17.282171
17.222296
17.162418
17.102543
17.042667
16.982790
16.922915
16.863037
16.803162
16.743284
16.683409
16.623531
16.563656
16.503780
16.443903
16.384027
16.324150
16.264275
16.204397
16.144522
16.084646
16.024769
15.964892
15.905016
15.845140
15.785264
15.725388
15.665511
15.605635
15.545758
15.485882
15.426005
15.366130
15.306253
15.246377
15.186501
15.126624
15.066748
15.006871
14.946995
14.887119
14.827243
14.767366
14.707490
14.647614
14.587737
14.527861
14.467984
14.408109
14.348232
14.288356
14.228479
14.168603
14.108727
14.048850
13.988974
13.929098
13.869222
13.809345
13.749469
13.689592
13.629716
13.569839
13.509963
13.450088
13.390211
13.330335
13.270458
13.210582
13.150705
13.090829
13.030952
12.971077
12.911201
12.851324
12.791448
12.731571
12.671695
12.611818
12.551942
12.492066
12.432190
12.372313
12.312437
12.252561
12.192684
12.132808
12.072931
12.013056
11.953179
11.893303
11.833426
11.773550
11.713674
11.653797
11.593921
11.534045
11.474169
11.414292
11.354416
11.294539
11.234663
11.174787
11.114911
11.055035
10.995158
10.935282
10.875405
10.815529
10.755652
10.695776
10.635900
10.576024
10.516148
10.456271
10.396395
10.336518
10.276642
10.216765
10.156890
10.097013
10.037137
9.9772606
9.9173841
9.8575077
9.7976313
9.7377548
9.6778793
9.6180029
9.5581264
9.4982500
9.4383736
9.3784971
9.3186207
9.2587442
9.1988688
9.1389923
9.0791159
9.0192394
8.9593630
8.8994865
8.8396101
8.7797337
8.7198582
8.6599817
8.6001053
8.5402288
8.4803524
8.4204760
8.3605995
8.3007231
8.2408476
8.1809711
8.1210947
8.0612183
8.0013418
7.9414654
7.8815889
7.8217125
7.7618370
7.7019606
7.6420841
7.5822077
7.5223312
7.4624548
7.4025784
7.3427024
7.2828264
7.2229500
7.1630735
7.1031971
7.0433207
6.9834442
6.9235678
6.8636918
6.8038158
6.7439394
6.6840630
6.6241865
6.5643101
6.5044336
6.4445572
6.3846812
6.3248053
6.2649288
6.2050524
6.1451759
6.0852995
6.0254230
5.9655466
5.9056706
5.8457947
5.7859182
5.7260418
5.6661654
5.6062889
5.5464125
5.4865360
5.4266601
5.3667841
5.3069077
5.2470312
5.1871548
5.1272783
5.0674019
5.0075254
4.9476495
4.8877735
4.8278971
4.7680206
4.7081442
4.6482677
4.5883913
4.5285149
4.4686394
4.4087629
4.3488865
4.2890100
4.2291336
4.1692572
4.1093807
4.0495043
3.9896283
3.9297521
3.8698757
3.8099995
3.7501230
3.6902468
3.6303704
3.5704942
3.5106177
3.4507415
3.3908651
3.3309889
3.2711124
3.2112362
3.1513598
3.0914836
3.0316072
2.9717309
2.9118545
2.8519783
2.7921019
2.7322257
2.6723492
2.6124730
2.5525966
2.4927204
2.4328439
2.3729677
2.3130913
2.2532151
2.1933386
2.1334624
2.0735860
2.0137098
1.9538333
1.8939571
1.8340807
1.7742045
1.7143282
1.6544518
1.5945755
1.5346992
1.4748229
1.4149466
1.3550702
1.2951939
1.2353176
1.1754413
1.1155649
1.0556886
0.99581230
0.93593597
0.87605965
0.81618333
0.75630701
0.69643068
0.63655436
0.57667804
0.51680171
0.45692539
0.39704907
0.33717275
0.27729642
0.21742010
0.15754378
0.097667463
0.037791140
-0.022085179
-0.081961498
-0.14183782
-0.20171414
-0.26159048
-0.32146677
-0.38134310
-0.44121942
