CPro
29796.324
29616.693
29437.065
29257.437
29077.806
28898.178
28718.55
28538.919
28359.291
28179.663
28000.032
27820.404
27640.776
27461.147
27281.517
27101.889
26922.26
26742.63
26563.002
26383.373
26203.743
26024.115
25844.486
25664.856
25485.228
25305.599
25125.969
24946.341
24766.712
24587.084
24407.454
24227.825
24048.197
23868.567
23688.938
23509.31
23329.679
23150.051
22970.423
22790.792
22611.164
22431.536
22251.907
22072.277
21892.649
21713.02
21533.39
21353.762
21174.133
20994.503
20814.875
20635.246
20455.616
20275.988
20156.235
20096.359
20036.482
19976.606
19916.729
19856.853
19796.978
19737.101
19677.225
19617.348
19557.472
19497.595
19437.719
19377.844
19317.966
19258.091
19198.214
19138.338
19078.461
19018.585
18958.708
18898.832
18838.957
18779.079
18719.204
18659.327
18599.451
18539.574
18479.698
18419.823
18359.945
18300.07
18240.192
18180.317
18120.44
18060.564
18000.687
17940.811
17880.936
17821.058
17761.183
17701.305
17641.43
17581.553
17521.677
17461.802
17401.924
17342.049
17282.171
17222.296
17162.418
17102.543
17042.667
16982.79
16922.915
16863.037
16803.162
16743.284
16683.409
16623.531
16563.656
16503.78
16443.903
16384.027
16324.15
16264.275
16204.397
16144.522
16084.646
16024.769
15964.892
15905.016
15845.14
15785.264
15725.388
15665.511
15605.635
15545.758
15485.882
15426.005
15366.13
15306.253
15246.377
15186.501
15126.624
15066.748
15006.871
14946.995
14887.119
14827.243
14767.366
14707.49
14647.614
14587.737
14527.861
14467.984
14408.109
14348.232
14288.356
14228.479
14168.603
14108.727
14048.85
13988.974
13929.098
13869.222
13809.345
13749.469
13689.592
13629.716
13569.839
13509.963
13450.088
13390.211
13330.335
13270.458
13210.582
13150.705
13090.829
13030.952
12971.077
12911.201
12851.324
12791.448
12731.571
12671.695
12611.818
12551.942
12492.066
12432.19
12372.313
12312.437
12252.561
12192.684
12132.808
12072.931
12013.056
11953.179
11893.303
11833.426
11773.55
11713.674
11653.797
11593.921
11534.045
11474.169
11414.292
11354.416
11294.539
11234.663
11174.787
11114.911
11055.035
10995.158
10935.282
10875.405
10815.529
10755.652
10695.776
10635.9
10576.024
10516.148
10456.271
10396.395
10336.518
10276.642
10216.765
10156.89
10097.013
10037.137
9977.261
9917.384
9857.508
9797.631
9737.755
9677.879
9618.003
9558.126
9498.25
9438.374
9378.497
9318.621
9258.744
9198.869
9138.992
9079.116
9019.239
8959.363
8899.486
8839.61
8779.734
8719.858
8659.982
8600.105
8540.229
8480.352
8420.476
8360.599
8300.723
8240.848
8180.971
8121.095
8061.218
8001.342
7941.465
7881.589
7821.713
7761.837
7701.961
7642.084
7582.208
7522.331
7462.455
7402.578
7342.702
7282.826
7222.95
7163.074
7103.197
7043.321
6983.444
6923.568
6863.692
6803.816
6743.939
6684.063
6624.187
6564.31
6504.434
6444.557
6384.681
6324.805
6264.929
6205.052
6145.176
6085.3
6025.423
5965.547
5905.671
5845.795
5785.918
5726.042
5666.165
5606.289
5546.412
5486.536
5426.66
5366.784
5306.908
5247.031
5187.155
5127.278
5067.402
5007.525
4947.65
4887.773
4827.897
4768.021
4708.144
4648.268
4588.391
4528.515
4468.639
4408.763
4348.886
4289.01
4229.134
4169.257
4109.381
4049.504
3989.628
3929.752
3869.876
3810.0
3750.123
3690.247
3630.37
3570.494
3510.618
3450.742
3390.865
3330.989
3271.112
3211.236
3151.36
3091.484
3031.607
2971.731
2911.854
2851.978
2792.102
2732.226
2672.349
2612.473
2552.597
2492.72
2432.844
2372.968
2313.091
2253.215
2193.339
2133.462
2073.586
2013.71
1953.833
1893.957
1834.081
1774.204
1714.328
1654.452
1594.576
1534.699
1474.823
1414.947
1355.07
1295.194
1235.318
1175.441
1115.565
1055.689
995.812
935.936
876.06
816.183
756.307
696.431
636.554
576.678
516.802
456.925
397.049
337.173
277.296
217.42
157.544
97.667
37.791
-22.085
-81.961
-141.838
-201.714
-261.59
-321.467
-381.343
-441.219
